{"success":true,"data":[{"t":1367280000000,"e":0,"b":94.71,"o":5.290000000000006},{"t":1367366400000,"e":0,"b":94.22,"o":5.780000000000001},{"t":1367452800000,"e":0,"b":96.87,"o":3.1299999999999955},{"t":1367539200000,"e":0,"b":92.52,"o":7.480000000000004},{"t":1367625600000,"e":0,"b":93.19,"o":6.810000000000002},{"t":1367712000000,"e":0,"b":93.96,"o":6.040000000000006},{"t":1367798400000,"e":0,"b":94.06,"o":5.939999999999998},{"t":1367884800000,"e":0,"b":95.02,"o":4.980000000000004},{"t":1367971200000,"e":0,"b":92.35,"o":7.650000000000006},{"t":1368057600000,"e":0,"b":94.48,"o":5.519999999999996},{"t":1368144000000,"e":0,"b":94.45,"o":5.549999999999997},{"t":1368230400000,"e":0,"b":94.31,"o":5.689999999999998},{"t":1368316800000,"e":0,"b":94.51,"o":5.489999999999995},{"t":1368403200000,"e":0,"b":94.43,"o":5.569999999999993},{"t":1368489600000,"e":0,"b":94.74,"o":5.260000000000005},{"t":1368576000000,"e":0,"b":95.99,"o":4.010000000000005},{"t":1368662400000,"e":0,"b":95.07,"o":4.930000000000007},{"t":1368748800000,"e":0,"b":95.31,"o":4.689999999999998},{"t":1368835200000,"e":0,"b":95.39,"o":4.609999999999999},{"t":1368921600000,"e":0,"b":95,"o":5},{"t":1369008000000,"e":0,"b":94.73,"o":5.269999999999996},{"t":1369094400000,"e":0,"b":94.7,"o":5.299999999999997},{"t":1369180800000,"e":0,"b":95.06,"o":4.939999999999998},{"t":1369267200000,"e":0,"b":95.27,"o":4.730000000000004},{"t":1369353600000,"e":0,"b":94.91,"o":5.090000000000003},{"t":1369440000000,"e":0,"b":95.36,"o":4.640000000000001},{"t":1369526400000,"e":0,"b":95.44,"o":4.560000000000002},{"t":1369612800000,"e":0,"b":95.05,"o":4.950000000000003},{"t":1369699200000,"e":0,"b":95.26,"o":4.739999999999995},{"t":1369785600000,"e":0,"b":95.4,"o":4.599999999999994},{"t":1369872000000,"e":0,"b":95.82,"o":4.180000000000007},{"t":1369958400000,"e":0,"b":95.97,"o":4.030000000000001},{"t":1370044800000,"e":0,"b":94.97,"o":5.030000000000001},{"t":1370131200000,"e":0,"b":96.09,"o":3.9099999999999966},{"t":1370217600000,"e":0,"b":95.76,"o":4.239999999999995},{"t":1370304000000,"e":0,"b":94.45,"o":5.549999999999997},{"t":1370390400000,"e":0,"b":95.88,"o":4.1200000000000045},{"t":1370476800000,"e":0,"b":95.56,"o":4.439999999999998},{"t":1370563200000,"e":0,"b":96.41,"o":3.5900000000000034},{"t":1370649600000,"e":0,"b":95.81,"o":4.189999999999998},{"t":1370736000000,"e":0,"b":95.55,"o":4.450000000000003},{"t":1370822400000,"e":0,"b":94.95,"o":5.049999999999997},{"t":1370908800000,"e":0,"b":95.88,"o":4.1200000000000045},{"t":1370995200000,"e":0,"b":96.52,"o":3.480000000000004},{"t":1371081600000,"e":0,"b":96.16,"o":3.8400000000000034},{"t":1371168000000,"e":0,"b":96.07,"o":3.930000000000007},{"t":1371254400000,"e":0,"b":95.24,"o":4.760000000000005},{"t":1371340800000,"e":0,"b":95.5,"o":4.5},{"t":1371427200000,"e":0,"b":95.92,"o":4.079999999999998},{"t":1371513600000,"e":0,"b":95.79,"o":4.209999999999994},{"t":1371600000000,"e":0,"b":95.62,"o":4.3799999999999955},{"t":1371686400000,"e":0,"b":95.85,"o":4.150000000000006},{"t":1371772800000,"e":0,"b":96.09,"o":3.9099999999999966},{"t":1371859200000,"e":0,"b":95.17,"o":4.829999999999998},{"t":1371945600000,"e":0,"b":95.05,"o":4.950000000000003},{"t":1372032000000,"e":0,"b":94.62,"o":5.3799999999999955},{"t":1372118400000,"e":0,"b":94.01,"o":5.989999999999995},{"t":1372204800000,"e":0,"b":94.95,"o":5.049999999999997},{"t":1372291200000,"e":0,"b":94.88,"o":5.1200000000000045},{"t":1372377600000,"e":0,"b":95.34,"o":4.659999999999997},{"t":1372464000000,"e":0,"b":94.66,"o":5.340000000000003},{"t":1372550400000,"e":0,"b":94.6,"o":5.400000000000006},{"t":1372636800000,"e":0,"b":94.39,"o":5.609999999999999},{"t":1372723200000,"e":0,"b":94.56,"o":5.439999999999998},{"t":1372809600000,"e":0,"b":94.34,"o":5.659999999999997},{"t":1372896000000,"e":0,"b":93.81,"o":6.189999999999998},{"t":1372982400000,"e":0,"b":94.08,"o":5.920000000000002},{"t":1373068800000,"e":0,"b":93.35,"o":6.650000000000006},{"t":1373155200000,"e":0,"b":92.6,"o":7.400000000000006},{"t":1373241600000,"e":0,"b":93.46,"o":6.540000000000006},{"t":1373328000000,"e":0,"b":92.82,"o":7.180000000000007},{"t":1373414400000,"e":0,"b":93.65,"o":6.349999999999994},{"t":1373500800000,"e":0,"b":92.86,"o":7.140000000000001},{"t":1373587200000,"e":0,"b":94.22,"o":5.780000000000001},{"t":1373673600000,"e":0,"b":94.3,"o":5.700000000000003},{"t":1373760000000,"e":0,"b":94.63,"o":5.3700000000000045},{"t":1373846400000,"e":0,"b":93.73,"o":6.269999999999996},{"t":1373932800000,"e":0,"b":94.12,"o":5.8799999999999955},{"t":1374019200000,"e":0,"b":94.35,"o":5.650000000000006},{"t":1374105600000,"e":0,"b":93.94,"o":6.060000000000002},{"t":1374192000000,"e":0,"b":93.64,"o":6.359999999999999},{"t":1374278400000,"e":0,"b":93.85,"o":6.150000000000006},{"t":1374364800000,"e":0,"b":94.28,"o":5.719999999999999},{"t":1374451200000,"e":0,"b":94.31,"o":5.689999999999998},{"t":1374537600000,"e":0,"b":93.87,"o":6.1299999999999955},{"t":1374624000000,"e":0,"b":93.95,"o":6.049999999999997},{"t":1374710400000,"e":0,"b":92.94,"o":7.060000000000002},{"t":1374796800000,"e":0,"b":93.99,"o":6.010000000000005},{"t":1374883200000,"e":0,"b":94.04,"o":5.959999999999994},{"t":1374969600000,"e":0,"b":94.16,"o":5.840000000000003},{"t":1375056000000,"e":0,"b":92.78,"o":7.219999999999999},{"t":1375142400000,"e":0,"b":94.54,"o":5.459999999999994},{"t":1375228800000,"e":0,"b":95.69,"o":4.310000000000002},{"t":1375315200000,"e":0,"b":94.71,"o":5.290000000000006},{"t":1375401600000,"e":0,"b":94.37,"o":5.6299999999999955},{"t":1375488000000,"e":0,"b":94.75,"o":5.25},{"t":1375574400000,"e":0,"b":94.23,"o":5.769999999999996},{"t":1375660800000,"e":0,"b":90.46,"o":9.540000000000006},{"t":1375747200000,"e":0,"b":91.19,"o":8.810000000000002},{"t":1375833600000,"e":0,"b":91.89,"o":8.11},{"t":1375920000000,"e":0,"b":92.06,"o":7.939999999999998},{"t":1376006400000,"e":0,"b":92.04,"o":7.959999999999994},{"t":1376092800000,"e":0,"b":92.03,"o":7.969999999999999},{"t":1376179200000,"e":0,"b":92.23,"o":7.769999999999996},{"t":1376265600000,"e":0,"b":92.07,"o":7.930000000000007},{"t":1376352000000,"e":0,"b":92.21,"o":7.790000000000006},{"t":1376438400000,"e":0,"b":92.72,"o":7.280000000000001},{"t":1376524800000,"e":0,"b":92.73,"o":7.269999999999996},{"t":1376611200000,"e":0,"b":93.75,"o":6.25},{"t":1376697600000,"e":0,"b":92.84,"o":7.159999999999997},{"t":1376784000000,"e":0,"b":91.7,"o":8.299999999999997},{"t":1376870400000,"e":0,"b":91.6,"o":8.400000000000006},{"t":1376956800000,"e":0,"b":92.19,"o":7.810000000000002},{"t":1377043200000,"e":0,"b":91.09,"o":8.909999999999997},{"t":1377129600000,"e":0,"b":92.88,"o":7.1200000000000045},{"t":1377216000000,"e":0,"b":92.56,"o":7.439999999999998},{"t":1377302400000,"e":0,"b":92.45,"o":7.549999999999997},{"t":1377388800000,"e":0,"b":92.38,"o":7.6200000000000045},{"t":1377475200000,"e":0,"b":91.89,"o":8.11},{"t":1377561600000,"e":0,"b":91.51,"o":8.489999999999995},{"t":1377648000000,"e":0,"b":92.32,"o":7.680000000000007},{"t":1377734400000,"e":0,"b":92.56,"o":7.439999999999998},{"t":1377820800000,"e":0,"b":92.53,"o":7.469999999999999},{"t":1377907200000,"e":0,"b":93.01,"o":6.989999999999995},{"t":1377993600000,"e":0,"b":93.24,"o":6.760000000000005},{"t":1378080000000,"e":0,"b":93.54,"o":6.459999999999994},{"t":1378166400000,"e":0,"b":93.46,"o":6.540000000000006},{"t":1378252800000,"e":0,"b":93.49,"o":6.510000000000005},{"t":1378339200000,"e":0,"b":92.78,"o":7.219999999999999},{"t":1378425600000,"e":0,"b":93.34,"o":6.659999999999997},{"t":1378512000000,"e":0,"b":92.13,"o":7.8700000000000045},{"t":1378598400000,"e":0,"b":92.31,"o":7.689999999999998},{"t":1378684800000,"e":0,"b":92.25,"o":7.75},{"t":1378771200000,"e":0,"b":92.45,"o":7.549999999999997},{"t":1378857600000,"e":0,"b":92.73,"o":7.269999999999996},{"t":1378944000000,"e":0,"b":92.43,"o":7.569999999999993},{"t":1379030400000,"e":0,"b":92.15,"o":7.849999999999994},{"t":1379116800000,"e":0,"b":92.87,"o":7.1299999999999955},{"t":1379203200000,"e":0,"b":92.71,"o":7.290000000000006},{"t":1379289600000,"e":0,"b":92.91,"o":7.090000000000003},{"t":1379376000000,"e":0,"b":92.3,"o":7.700000000000003},{"t":1379462400000,"e":0,"b":91.34,"o":8.659999999999997},{"t":1379548800000,"e":0,"b":90.87,"o":9.129999999999995},{"t":1379635200000,"e":0,"b":90.66,"o":9.340000000000003},{"t":1379721600000,"e":0,"b":91.06,"o":8.939999999999998},{"t":1379808000000,"e":0,"b":91.21,"o":8.790000000000006},{"t":1379894400000,"e":0,"b":90.57,"o":9.430000000000007},{"t":1379980800000,"e":0,"b":91.16,"o":8.840000000000003},{"t":1380067200000,"e":0,"b":90.95,"o":9.049999999999997},{"t":1380153600000,"e":0,"b":91.07,"o":8.930000000000007},{"t":1380240000000,"e":0,"b":90.2,"o":9.799999999999997},{"t":1380326400000,"e":0,"b":89.71,"o":10.290000000000006},{"t":1380412800000,"e":0,"b":89.45,"o":10.549999999999997},{"t":1380499200000,"e":0,"b":90.55,"o":9.450000000000003},{"t":1380585600000,"e":0,"b":90.85,"o":9.150000000000006},{"t":1380672000000,"e":0,"b":91.09,"o":8.909999999999997},{"t":1380758400000,"e":0,"b":92.05,"o":7.950000000000003},{"t":1380844800000,"e":0,"b":91.21,"o":8.790000000000006},{"t":1380931200000,"e":0,"b":90.9,"o":9.099999999999994},{"t":1381017600000,"e":0,"b":91.2,"o":8.799999999999997},{"t":1381104000000,"e":0,"b":91.78,"o":8.219999999999999},{"t":1381190400000,"e":0,"b":91.53,"o":8.469999999999999},{"t":1381276800000,"e":0,"b":91.52,"o":8.480000000000004},{"t":1381363200000,"e":0,"b":91.86,"o":8.14},{"t":1381449600000,"e":0,"b":91.54,"o":8.459999999999994},{"t":1381536000000,"e":0,"b":92.15,"o":7.849999999999994},{"t":1381622400000,"e":0,"b":92.23,"o":7.769999999999996},{"t":1381708800000,"e":0,"b":92.37,"o":7.6299999999999955},{"t":1381795200000,"e":0,"b":92.84,"o":7.159999999999997},{"t":1381881600000,"e":0,"b":92.51,"o":7.489999999999995},{"t":1381968000000,"e":0,"b":93.41,"o":6.590000000000003},{"t":1382054400000,"e":0,"b":93.24,"o":6.760000000000005},{"t":1382140800000,"e":0,"b":93.89,"o":6.109999999999999},{"t":1382227200000,"e":0,"b":93.95,"o":6.049999999999997},{"t":1382313600000,"e":0,"b":94.66,"o":5.340000000000003},{"t":1382400000000,"e":0,"b":95.13,"o":4.8700000000000045},{"t":1382486400000,"e":0,"b":95.28,"o":4.719999999999999},{"t":1382572800000,"e":0,"b":94.9,"o":5.099999999999994},{"t":1382659200000,"e":0,"b":94.97,"o":5.030000000000001},{"t":1382745600000,"e":0,"b":95.1,"o":4.900000000000006},{"t":1382832000000,"e":0,"b":94.56,"o":5.439999999999998},{"t":1382918400000,"e":0,"b":95.03,"o":4.969999999999999},{"t":1383004800000,"e":0,"b":95.37,"o":4.6299999999999955},{"t":1383091200000,"e":0,"b":95.47,"o":4.530000000000001},{"t":1383177600000,"e":0,"b":95.27,"o":4.730000000000004},{"t":1383264000000,"e":0,"b":95.5,"o":4.5},{"t":1383350400000,"e":0,"b":94.23,"o":5.769999999999996},{"t":1383436800000,"e":0,"b":94.57,"o":5.430000000000007},{"t":1383523200000,"e":0,"b":94.71,"o":5.290000000000006},{"t":1383609600000,"e":0,"b":94.64,"o":5.359999999999999},{"t":1383696000000,"e":0,"b":94.88,"o":5.1200000000000045},{"t":1383782400000,"e":0,"b":95.09,"o":4.909999999999997},{"t":1383868800000,"e":0,"b":95.01,"o":4.989999999999995},{"t":1383955200000,"e":0,"b":94.95,"o":5.049999999999997},{"t":1384041600000,"e":0,"b":95,"o":5},{"t":1384128000000,"e":0,"b":95.88,"o":4.1200000000000045},{"t":1384214400000,"e":0,"b":95.49,"o":4.510000000000005},{"t":1384300800000,"e":0,"b":95.81,"o":4.189999999999998},{"t":1384387200000,"e":0,"b":94.68,"o":5.319999999999993},{"t":1384473600000,"e":0,"b":96.06,"o":3.9399999999999977},{"t":1384560000000,"e":0,"b":96.5,"o":3.5},{"t":1384646400000,"e":0,"b":96.33,"o":3.6700000000000017},{"t":1384732800000,"e":0,"b":96.59,"o":3.4099999999999966},{"t":1384819200000,"e":0,"b":96.15,"o":3.8499999999999943},{"t":1384905600000,"e":0,"b":97.78,"o":2.219999999999999},{"t":1384992000000,"e":0,"b":95.54,"o":4.459999999999994},{"t":1385078400000,"e":0,"b":95.73,"o":4.269999999999996},{"t":1385164800000,"e":0,"b":95.65,"o":4.349999999999994},{"t":1385251200000,"e":0,"b":95.5,"o":4.5},{"t":1385337600000,"e":0,"b":95.09,"o":4.909999999999997},{"t":1385424000000,"e":0,"b":94.48,"o":5.519999999999996},{"t":1385510400000,"e":0,"b":92.82,"o":7.180000000000007},{"t":1385596800000,"e":0,"b":91.02,"o":8.980000000000004},{"t":1385683200000,"e":0,"b":90.84,"o":9.159999999999997},{"t":1385769600000,"e":0,"b":89.95,"o":10.049999999999997},{"t":1385856000000,"e":0,"b":88.47,"o":11.530000000000001},{"t":1385942400000,"e":0,"b":87.39,"o":12.61},{"t":1386028800000,"e":0,"b":88.52,"o":11.480000000000004},{"t":1386115200000,"e":0,"b":87.23,"o":12.769999999999996},{"t":1386201600000,"e":0,"b":87.36,"o":12.64},{"t":1386288000000,"e":0,"b":87.84,"o":12.159999999999997},{"t":1386374400000,"e":0,"b":88.91,"o":11.090000000000003},{"t":1386460800000,"e":0,"b":89.45,"o":10.549999999999997},{"t":1386547200000,"e":0,"b":88.69,"o":11.310000000000002},{"t":1386633600000,"e":0,"b":86.47,"o":13.530000000000001},{"t":1386720000000,"e":0,"b":87.92,"o":12.079999999999998},{"t":1386806400000,"e":0,"b":88.66,"o":11.340000000000003},{"t":1386892800000,"e":0,"b":88.55,"o":11.450000000000003},{"t":1386979200000,"e":0,"b":88.72,"o":11.280000000000001},{"t":1387065600000,"e":0,"b":88.66,"o":11.340000000000003},{"t":1387152000000,"e":0,"b":88.57,"o":11.430000000000007},{"t":1387238400000,"e":0,"b":88.41,"o":11.590000000000003},{"t":1387324800000,"e":0,"b":89.93,"o":10.069999999999993},{"t":1387411200000,"e":0,"b":90.22,"o":9.780000000000001},{"t":1387497600000,"e":0,"b":90.37,"o":9.629999999999995},{"t":1387584000000,"e":0,"b":91.59,"o":8.409999999999997},{"t":1387670400000,"e":0,"b":90.1,"o":9.900000000000006},{"t":1387756800000,"e":0,"b":90.27,"o":9.730000000000004},{"t":1387843200000,"e":0,"b":88.66,"o":11.340000000000003},{"t":1387929600000,"e":0,"b":89.62,"o":10.379999999999995},{"t":1388016000000,"e":0,"b":88.01,"o":11.989999999999995},{"t":1388102400000,"e":0,"b":87.44,"o":12.560000000000002},{"t":1388188800000,"e":0,"b":87.87,"o":12.129999999999995},{"t":1388275200000,"e":0,"b":87.85,"o":12.150000000000006},{"t":1388361600000,"e":0,"b":87.51,"o":12.489999999999995},{"t":1388448000000,"e":0,"b":87.89,"o":12.11},{"t":1388534400000,"e":0,"b":87.2,"o":12.799999999999997},{"t":1388620800000,"e":0,"b":87.62,"o":12.379999999999995},{"t":1388707200000,"e":0,"b":87.37,"o":12.629999999999995},{"t":1388793600000,"e":0,"b":88.01,"o":11.989999999999995},{"t":1388880000000,"e":0,"b":88.08,"o":11.920000000000002},{"t":1388966400000,"e":0,"b":88.62,"o":11.379999999999995},{"t":1389052800000,"e":0,"b":88.26,"o":11.739999999999995},{"t":1389139200000,"e":0,"b":90.12,"o":9.879999999999995},{"t":1389225600000,"e":0,"b":88.37,"o":11.629999999999995},{"t":1389312000000,"e":0,"b":90.02,"o":9.980000000000004},{"t":1389398400000,"e":0,"b":89.26,"o":10.739999999999995},{"t":1389484800000,"e":0,"b":89.38,"o":10.620000000000005},{"t":1389571200000,"e":0,"b":89.6,"o":10.400000000000006},{"t":1389657600000,"e":0,"b":89.34,"o":10.659999999999997},{"t":1389744000000,"e":0,"b":89.54,"o":10.459999999999994},{"t":1389830400000,"e":0,"b":89.32,"o":10.680000000000007},{"t":1389916800000,"e":0,"b":89.46,"o":10.540000000000006},{"t":1390003200000,"e":0,"b":89.46,"o":10.540000000000006},{"t":1390089600000,"e":0,"b":89.13,"o":10.870000000000005},{"t":1390176000000,"e":0,"b":89.18,"o":10.819999999999993},{"t":1390262400000,"e":0,"b":88.8,"o":11.200000000000003},{"t":1390348800000,"e":0,"b":89.04,"o":10.959999999999994},{"t":1390435200000,"e":0,"b":89.03,"o":10.969999999999999},{"t":1390521600000,"e":0,"b":89.29,"o":10.709999999999994},{"t":1390608000000,"e":0,"b":89.46,"o":10.540000000000006},{"t":1390694400000,"e":0,"b":89.39,"o":10.61},{"t":1390780800000,"e":0,"b":89.19,"o":10.810000000000002},{"t":1390867200000,"e":0,"b":89.45,"o":10.549999999999997},{"t":1390953600000,"e":0,"b":89.17,"o":10.829999999999998},{"t":1391040000000,"e":0,"b":89.42,"o":10.579999999999998},{"t":1391126400000,"e":0,"b":89.41,"o":10.590000000000003},{"t":1391212800000,"e":0,"b":88.8,"o":11.200000000000003},{"t":1391299200000,"e":0,"b":89.19,"o":10.810000000000002},{"t":1391385600000,"e":0,"b":89.11,"o":10.89},{"t":1391472000000,"e":0,"b":89.19,"o":10.810000000000002},{"t":1391558400000,"e":0,"b":89.58,"o":10.420000000000002},{"t":1391644800000,"e":0,"b":89.51,"o":10.489999999999995},{"t":1391731200000,"e":0,"b":89.94,"o":10.060000000000002},{"t":1391817600000,"e":0,"b":89.93,"o":10.069999999999993},{"t":1391904000000,"e":0,"b":89.5,"o":10.5},{"t":1391990400000,"e":0,"b":89.37,"o":10.629999999999995},{"t":1392076800000,"e":0,"b":89.24,"o":10.760000000000005},{"t":1392163200000,"e":0,"b":89.21,"o":10.790000000000006},{"t":1392249600000,"e":0,"b":88.75,"o":11.25},{"t":1392336000000,"e":0,"b":88.8,"o":11.200000000000003},{"t":1392422400000,"e":0,"b":89.17,"o":10.829999999999998},{"t":1392508800000,"e":0,"b":88.83,"o":11.170000000000002},{"t":1392595200000,"e":0,"b":88.64,"o":11.36},{"t":1392681600000,"e":0,"b":77.21,"o":22.790000000000006},{"t":1392768000000,"e":0,"b":88.74,"o":11.260000000000005},{"t":1392854400000,"e":0,"b":88.52,"o":11.480000000000004},{"t":1392940800000,"e":0,"b":88.72,"o":11.280000000000001},{"t":1393027200000,"e":0,"b":88.66,"o":11.340000000000003},{"t":1393113600000,"e":0,"b":89.16,"o":10.840000000000003},{"t":1393200000000,"e":0,"b":88.54,"o":11.459999999999994},{"t":1393286400000,"e":0,"b":90.12,"o":9.879999999999995},{"t":1393372800000,"e":0,"b":89.24,"o":10.760000000000005},{"t":1393459200000,"e":0,"b":89.09,"o":10.909999999999997},{"t":1393545600000,"e":0,"b":87.54,"o":12.459999999999994},{"t":1393632000000,"e":0,"b":88.08,"o":11.920000000000002},{"t":1393718400000,"e":0,"b":87.7,"o":12.299999999999997},{"t":1393804800000,"e":0,"b":87.38,"o":12.620000000000005},{"t":1393891200000,"e":0,"b":84.64,"o":15.36},{"t":1393977600000,"e":0,"b":83.54,"o":16.459999999999994},{"t":1394064000000,"e":0,"b":85.85,"o":14.150000000000006},{"t":1394150400000,"e":0,"b":86.91,"o":13.090000000000003},{"t":1394236800000,"e":0,"b":87.57,"o":12.430000000000007},{"t":1394323200000,"e":0,"b":87.11,"o":12.89},{"t":1394409600000,"e":0,"b":86.99,"o":13.010000000000005},{"t":1394496000000,"e":0,"b":86.64,"o":13.36},{"t":1394582400000,"e":0,"b":86.95,"o":13.049999999999997},{"t":1394668800000,"e":0,"b":87.04,"o":12.959999999999994},{"t":1394755200000,"e":0,"b":87.37,"o":12.629999999999995},{"t":1394841600000,"e":0,"b":87.45,"o":12.549999999999997},{"t":1394928000000,"e":0,"b":87.81,"o":12.189999999999998},{"t":1395014400000,"e":0,"b":87.85,"o":12.150000000000006},{"t":1395100800000,"e":0,"b":88.41,"o":11.590000000000003},{"t":1395187200000,"e":0,"b":86.8,"o":13.200000000000003},{"t":1395273600000,"e":0,"b":88.02,"o":11.980000000000004},{"t":1395360000000,"e":0,"b":88.1,"o":11.900000000000006},{"t":1395446400000,"e":0,"b":88.05,"o":11.950000000000003},{"t":1395532800000,"e":0,"b":86.99,"o":13.010000000000005},{"t":1395619200000,"e":0,"b":87.16,"o":12.840000000000003},{"t":1395705600000,"e":0,"b":87.7,"o":12.299999999999997},{"t":1395792000000,"e":0,"b":88.98,"o":11.019999999999996},{"t":1395878400000,"e":0,"b":88.43,"o":11.569999999999993},{"t":1395964800000,"e":0,"b":89.14,"o":10.86},{"t":1396051200000,"e":0,"b":89.49,"o":10.510000000000005},{"t":1396137600000,"e":0,"b":89.27,"o":10.730000000000004},{"t":1396224000000,"e":0,"b":89.34,"o":10.659999999999997},{"t":1396310400000,"e":0,"b":89.35,"o":10.650000000000006},{"t":1396396800000,"e":0,"b":89.69,"o":10.310000000000002},{"t":1396483200000,"e":0,"b":90.06,"o":9.939999999999998},{"t":1396569600000,"e":0,"b":90.09,"o":9.909999999999997},{"t":1396656000000,"e":0,"b":90.21,"o":9.790000000000006},{"t":1396742400000,"e":0,"b":90.12,"o":9.879999999999995},{"t":1396828800000,"e":0,"b":89.92,"o":10.079999999999998},{"t":1396915200000,"e":0,"b":90.33,"o":9.670000000000002},{"t":1397001600000,"e":0,"b":90.21,"o":9.790000000000006},{"t":1397088000000,"e":0,"b":90.32,"o":9.680000000000007},{"t":1397174400000,"e":0,"b":90.99,"o":9.010000000000005},{"t":1397260800000,"e":0,"b":90.26,"o":9.739999999999995},{"t":1397347200000,"e":0,"b":90.46,"o":9.540000000000006},{"t":1397433600000,"e":0,"b":90.65,"o":9.349999999999994},{"t":1397520000000,"e":0,"b":90.25,"o":9.75},{"t":1397606400000,"e":0,"b":90,"o":10},{"t":1397692800000,"e":0,"b":90.09,"o":9.909999999999997},{"t":1397779200000,"e":0,"b":90.07,"o":9.930000000000007},{"t":1397865600000,"e":0,"b":89.93,"o":10.069999999999993},{"t":1397952000000,"e":0,"b":89.5,"o":10.5},{"t":1398038400000,"e":0,"b":89.77,"o":10.230000000000004},{"t":1398124800000,"e":0,"b":89.53,"o":10.469999999999999},{"t":1398211200000,"e":0,"b":89.93,"o":10.069999999999993},{"t":1398297600000,"e":0,"b":89.78,"o":10.219999999999999},{"t":1398384000000,"e":0,"b":89.9,"o":10.099999999999994},{"t":1398470400000,"e":0,"b":90.79,"o":9.209999999999994},{"t":1398556800000,"e":0,"b":90.87,"o":9.129999999999995},{"t":1398643200000,"e":0,"b":90.67,"o":9.329999999999998},{"t":1398729600000,"e":0,"b":90.67,"o":9.329999999999998},{"t":1398816000000,"e":0,"b":90.58,"o":9.420000000000002},{"t":1398902400000,"e":0,"b":90.39,"o":9.61},{"t":1398988800000,"e":0,"b":90.44,"o":9.560000000000002},{"t":1399075200000,"e":0,"b":90.81,"o":9.189999999999998},{"t":1399161600000,"e":0,"b":90.91,"o":9.090000000000003},{"t":1399248000000,"e":0,"b":90.51,"o":9.489999999999995},{"t":1399334400000,"e":0,"b":90.86,"o":9.14},{"t":1399420800000,"e":0,"b":90.38,"o":9.620000000000005},{"t":1399507200000,"e":0,"b":90.17,"o":9.829999999999998},{"t":1399593600000,"e":0,"b":90.47,"o":9.530000000000001},{"t":1399680000000,"e":0,"b":90.21,"o":9.790000000000006},{"t":1399766400000,"e":0,"b":90.29,"o":9.709999999999994},{"t":1399852800000,"e":0,"b":90.25,"o":9.75},{"t":1399939200000,"e":0,"b":90.59,"o":9.409999999999997},{"t":1400025600000,"e":0,"b":90.42,"o":9.579999999999998},{"t":1400112000000,"e":0,"b":90.39,"o":9.61},{"t":1400198400000,"e":0,"b":90.33,"o":9.670000000000002},{"t":1400284800000,"e":0,"b":90.34,"o":9.659999999999997},{"t":1400371200000,"e":0,"b":90.4,"o":9.599999999999994},{"t":1400457600000,"e":0,"b":90.4,"o":9.599999999999994},{"t":1400544000000,"e":0,"b":90.43,"o":9.569999999999993},{"t":1400630400000,"e":0,"b":90.76,"o":9.239999999999995},{"t":1400716800000,"e":0,"b":90.96,"o":9.040000000000006},{"t":1400803200000,"e":0,"b":91.53,"o":8.469999999999999},{"t":1400889600000,"e":0,"b":91.05,"o":8.950000000000003},{"t":1400976000000,"e":0,"b":90.93,"o":9.069999999999993},{"t":1401062400000,"e":0,"b":91.2,"o":8.799999999999997},{"t":1401148800000,"e":0,"b":91.55,"o":8.450000000000003},{"t":1401235200000,"e":0,"b":91.55,"o":8.450000000000003},{"t":1401321600000,"e":0,"b":91.66,"o":8.340000000000003},{"t":1401408000000,"e":0,"b":91.69,"o":8.310000000000002},{"t":1401494400000,"e":0,"b":92.08,"o":7.920000000000002},{"t":1401580800000,"e":0,"b":92.23,"o":7.769999999999996},{"t":1401667200000,"e":0,"b":91.77,"o":8.230000000000004},{"t":1401753600000,"e":0,"b":92.41,"o":7.590000000000003},{"t":1401840000000,"e":0,"b":92.19,"o":7.810000000000002},{"t":1401926400000,"e":0,"b":92.44,"o":7.560000000000002},{"t":1402012800000,"e":0,"b":92.45,"o":7.549999999999997},{"t":1402099200000,"e":0,"b":92.63,"o":7.3700000000000045},{"t":1402185600000,"e":0,"b":92.47,"o":7.530000000000001},{"t":1402272000000,"e":0,"b":92.41,"o":7.590000000000003},{"t":1402358400000,"e":0,"b":92.33,"o":7.670000000000002},{"t":1402444800000,"e":0,"b":92.22,"o":7.780000000000001},{"t":1402531200000,"e":0,"b":92.1,"o":7.900000000000006},{"t":1402617600000,"e":0,"b":91.92,"o":8.079999999999998},{"t":1402704000000,"e":0,"b":91.86,"o":8.14},{"t":1402790400000,"e":0,"b":92.03,"o":7.969999999999999},{"t":1402876800000,"e":0,"b":92.17,"o":7.829999999999998},{"t":1402963200000,"e":0,"b":92.07,"o":7.930000000000007},{"t":1403049600000,"e":0,"b":92.19,"o":7.810000000000002},{"t":1403136000000,"e":0,"b":92.09,"o":7.909999999999997},{"t":1403222400000,"e":0,"b":92.08,"o":7.920000000000002},{"t":1403308800000,"e":0,"b":92.06,"o":7.939999999999998},{"t":1403395200000,"e":0,"b":92.31,"o":7.689999999999998},{"t":1403481600000,"e":0,"b":92.15,"o":7.849999999999994},{"t":1403568000000,"e":0,"b":92.28,"o":7.719999999999999},{"t":1403654400000,"e":0,"b":92.2,"o":7.799999999999997},{"t":1403740800000,"e":0,"b":92.5,"o":7.5},{"t":1403827200000,"e":0,"b":92.45,"o":7.549999999999997},{"t":1404000000000,"e":0,"b":92.73,"o":7.269999999999996},{"t":1404086400000,"e":0,"b":92.96,"o":7.040000000000006},{"t":1404172800000,"e":0,"b":92.68,"o":7.319999999999993},{"t":1404259200000,"e":0,"b":93.5,"o":6.5},{"t":1404345600000,"e":0,"b":93.69,"o":6.310000000000002},{"t":1404432000000,"e":0,"b":93.56,"o":6.439999999999998},{"t":1404518400000,"e":0,"b":93.74,"o":6.260000000000005},{"t":1404604800000,"e":0,"b":93.87,"o":6.1299999999999955},{"t":1404691200000,"e":0,"b":93.97,"o":6.030000000000001},{"t":1404777600000,"e":0,"b":93.84,"o":6.159999999999997},{"t":1404864000000,"e":0,"b":93.74,"o":6.260000000000005},{"t":1404950400000,"e":0,"b":93.72,"o":6.280000000000001},{"t":1405036800000,"e":0,"b":93.7,"o":6.299999999999997},{"t":1405123200000,"e":0,"b":93.67,"o":6.329999999999998},{"t":1405209600000,"e":0,"b":93.48,"o":6.519999999999996},{"t":1405296000000,"e":0,"b":93.39,"o":6.609999999999999},{"t":1405382400000,"e":0,"b":93.41,"o":6.590000000000003},{"t":1405468800000,"e":0,"b":93.46,"o":6.540000000000006},{"t":1405555200000,"e":0,"b":93.49,"o":6.510000000000005},{"t":1405641600000,"e":0,"b":93.22,"o":6.780000000000001},{"t":1405728000000,"e":0,"b":93.17,"o":6.829999999999998},{"t":1405814400000,"e":0,"b":93.3,"o":6.700000000000003},{"t":1405900800000,"e":0,"b":93.3,"o":6.700000000000003},{"t":1405987200000,"e":0,"b":93.02,"o":6.980000000000004},{"t":1406073600000,"e":0,"b":93.12,"o":6.8799999999999955},{"t":1406160000000,"e":0,"b":93.16,"o":6.840000000000003},{"t":1406246400000,"e":0,"b":93.35,"o":6.650000000000006},{"t":1406332800000,"e":0,"b":93.38,"o":6.6200000000000045},{"t":1406419200000,"e":0,"b":93.4,"o":6.599999999999994},{"t":1406505600000,"e":0,"b":93.38,"o":6.6200000000000045},{"t":1406592000000,"e":0,"b":93.42,"o":6.579999999999998},{"t":1406678400000,"e":0,"b":93.37,"o":6.6299999999999955},{"t":1406764800000,"e":0,"b":93.42,"o":6.579999999999998},{"t":1406851200000,"e":0,"b":93.31,"o":6.689999999999998},{"t":1406937600000,"e":0,"b":93.3,"o":6.700000000000003},{"t":1407024000000,"e":0,"b":93.29,"o":6.709999999999994},{"t":1407110400000,"e":0,"b":93.32,"o":6.680000000000007},{"t":1407196800000,"e":0,"b":93.51,"o":6.489999999999995},{"t":1407283200000,"e":0,"b":93.58,"o":6.420000000000002},{"t":1407369600000,"e":0,"b":93.6,"o":6.400000000000006},{"t":1407456000000,"e":0,"b":93.66,"o":6.340000000000003},{"t":1407542400000,"e":0,"b":93.73,"o":6.269999999999996},{"t":1407628800000,"e":0,"b":93.84,"o":6.159999999999997},{"t":1407715200000,"e":0,"b":93.94,"o":6.060000000000002},{"t":1407801600000,"e":0,"b":94.25,"o":5.75},{"t":1407888000000,"e":0,"b":94.42,"o":5.579999999999998},{"t":1407974400000,"e":0,"b":94.55,"o":5.450000000000003},{"t":1408060800000,"e":0,"b":94.26,"o":5.739999999999995},{"t":1408147200000,"e":0,"b":94.23,"o":5.769999999999996},{"t":1408233600000,"e":0,"b":94.48,"o":5.519999999999996},{"t":1408320000000,"e":0,"b":94.59,"o":5.409999999999997},{"t":1408406400000,"e":0,"b":94.84,"o":5.159999999999997},{"t":1408492800000,"e":0,"b":94.25,"o":5.75},{"t":1408579200000,"e":0,"b":93.92,"o":6.079999999999998},{"t":1408665600000,"e":0,"b":93.73,"o":6.269999999999996},{"t":1408752000000,"e":0,"b":93.73,"o":6.269999999999996},{"t":1408838400000,"e":0,"b":93.93,"o":6.069999999999993},{"t":1408924800000,"e":0,"b":93.59,"o":6.409999999999997},{"t":1409011200000,"e":0,"b":93.19,"o":6.810000000000002},{"t":1409097600000,"e":0,"b":92.02,"o":7.980000000000004},{"t":1409184000000,"e":0,"b":91.98,"o":8.019999999999996},{"t":1409270400000,"e":0,"b":92.27,"o":7.730000000000004},{"t":1409356800000,"e":0,"b":92.37,"o":7.6299999999999955},{"t":1409443200000,"e":0,"b":92.26,"o":7.739999999999995},{"t":1409529600000,"e":0,"b":92.21,"o":7.790000000000006},{"t":1409616000000,"e":0,"b":92.24,"o":7.760000000000005},{"t":1409702400000,"e":0,"b":92.4,"o":7.599999999999994},{"t":1409788800000,"e":0,"b":92.15,"o":7.849999999999994},{"t":1409875200000,"e":0,"b":92.1,"o":7.900000000000006},{"t":1409961600000,"e":0,"b":91.95,"o":8.049999999999997},{"t":1410048000000,"e":0,"b":91.88,"o":8.120000000000005},{"t":1410134400000,"e":0,"b":91.83,"o":8.170000000000002},{"t":1410220800000,"e":0,"b":91.65,"o":8.349999999999994},{"t":1410307200000,"e":0,"b":91.68,"o":8.319999999999993},{"t":1410393600000,"e":0,"b":91.44,"o":8.560000000000002},{"t":1410480000000,"e":0,"b":91.35,"o":8.650000000000006},{"t":1410566400000,"e":0,"b":91.32,"o":8.680000000000007},{"t":1410652800000,"e":0,"b":91.24,"o":8.760000000000005},{"t":1410739200000,"e":0,"b":91.05,"o":8.950000000000003},{"t":1410825600000,"e":0,"b":91.23,"o":8.769999999999996},{"t":1410912000000,"e":0,"b":91.01,"o":8.989999999999995},{"t":1410998400000,"e":0,"b":90.74,"o":9.260000000000005},{"t":1411084800000,"e":0,"b":90.33,"o":9.670000000000002},{"t":1411171200000,"e":0,"b":90.38,"o":9.620000000000005},{"t":1411257600000,"e":0,"b":90.53,"o":9.469999999999999},{"t":1411344000000,"e":0,"b":90.58,"o":9.420000000000002},{"t":1411430400000,"e":0,"b":90.47,"o":9.530000000000001},{"t":1411516800000,"e":0,"b":90.73,"o":9.269999999999996},{"t":1411603200000,"e":0,"b":90.55,"o":9.450000000000003},{"t":1411689600000,"e":0,"b":90.46,"o":9.540000000000006},{"t":1411776000000,"e":0,"b":90.15,"o":9.849999999999994},{"t":1411862400000,"e":0,"b":90.16,"o":9.840000000000003},{"t":1411948800000,"e":0,"b":89.69,"o":10.310000000000002},{"t":1412035200000,"e":0,"b":89.98,"o":10.019999999999996},{"t":1412121600000,"e":0,"b":90.04,"o":9.959999999999994},{"t":1412208000000,"e":0,"b":90.05,"o":9.950000000000003},{"t":1412294400000,"e":0,"b":89.92,"o":10.079999999999998},{"t":1412380800000,"e":0,"b":89.68,"o":10.319999999999993},{"t":1412467200000,"e":0,"b":89.26,"o":10.739999999999995},{"t":1412553600000,"e":0,"b":89.33,"o":10.670000000000002},{"t":1412640000000,"e":0,"b":89.32,"o":10.680000000000007},{"t":1412726400000,"e":0,"b":89.4,"o":10.599999999999994},{"t":1412812800000,"e":0,"b":89.73,"o":10.269999999999996},{"t":1412899200000,"e":0,"b":89.94,"o":10.060000000000002},{"t":1412985600000,"e":0,"b":89.71,"o":10.290000000000006},{"t":1413072000000,"e":0,"b":90.1,"o":9.900000000000006},{"t":1413158400000,"e":0,"b":90.32,"o":9.680000000000007},{"t":1413244800000,"e":0,"b":90.54,"o":9.459999999999994},{"t":1413331200000,"e":0,"b":90.6,"o":9.400000000000006},{"t":1413417600000,"e":0,"b":90.59,"o":9.409999999999997},{"t":1413504000000,"e":0,"b":90.5,"o":9.5},{"t":1413590400000,"e":0,"b":90.43,"o":9.569999999999993},{"t":1413676800000,"e":0,"b":90.49,"o":9.510000000000005},{"t":1413763200000,"e":0,"b":90.58,"o":9.420000000000002},{"t":1413849600000,"e":0,"b":90.56,"o":9.439999999999998},{"t":1413936000000,"e":0,"b":90.48,"o":9.519999999999996},{"t":1414022400000,"e":0,"b":90.54,"o":9.459999999999994},{"t":1414108800000,"e":0,"b":90.35,"o":9.650000000000006},{"t":1414195200000,"e":0,"b":90.34,"o":9.659999999999997},{"t":1414281600000,"e":0,"b":90.45,"o":9.549999999999997},{"t":1414368000000,"e":0,"b":90.61,"o":9.39},{"t":1414454400000,"e":0,"b":90.31,"o":9.689999999999998},{"t":1414540800000,"e":0,"b":90.47,"o":9.530000000000001},{"t":1414627200000,"e":0,"b":90.35,"o":9.650000000000006},{"t":1414713600000,"e":0,"b":90.56,"o":9.439999999999998},{"t":1414800000000,"e":0,"b":90.51,"o":9.489999999999995},{"t":1414886400000,"e":0,"b":90.63,"o":9.370000000000005},{"t":1414972800000,"e":0,"b":90.55,"o":9.450000000000003},{"t":1415059200000,"e":0,"b":90.45,"o":9.549999999999997},{"t":1415145600000,"e":0,"b":90.48,"o":9.519999999999996},{"t":1415232000000,"e":0,"b":90.44,"o":9.560000000000002},{"t":1415318400000,"e":0,"b":90.7,"o":9.299999999999997},{"t":1415404800000,"e":0,"b":90.64,"o":9.36},{"t":1415491200000,"e":0,"b":90.47,"o":9.530000000000001},{"t":1415577600000,"e":0,"b":90.69,"o":9.310000000000002},{"t":1415664000000,"e":0,"b":90.78,"o":9.219999999999999},{"t":1415750400000,"e":0,"b":90.86,"o":9.14},{"t":1415836800000,"e":0,"b":91.26,"o":8.739999999999995},{"t":1415923200000,"e":0,"b":91.3,"o":8.700000000000003},{"t":1416009600000,"e":0,"b":91.11,"o":8.89},{"t":1416096000000,"e":0,"b":90.93,"o":9.069999999999993},{"t":1416182400000,"e":0,"b":91,"o":9},{"t":1416268800000,"e":0,"b":91,"o":9},{"t":1416355200000,"e":0,"b":90.9,"o":9.099999999999994},{"t":1416441600000,"e":0,"b":90.73,"o":9.269999999999996},{"t":1416528000000,"e":0,"b":90.3,"o":9.700000000000003},{"t":1416614400000,"e":0,"b":89.83,"o":10.170000000000002},{"t":1416700800000,"e":0,"b":89.37,"o":10.629999999999995},{"t":1416787200000,"e":0,"b":88.76,"o":11.239999999999995},{"t":1416873600000,"e":0,"b":89.01,"o":10.989999999999995},{"t":1416960000000,"e":0,"b":88.44,"o":11.560000000000002},{"t":1417046400000,"e":0,"b":87.78,"o":12.219999999999999},{"t":1417132800000,"e":0,"b":86.19,"o":13.810000000000002},{"t":1417219200000,"e":0,"b":85.96,"o":14.040000000000006},{"t":1417305600000,"e":0,"b":86.33,"o":13.670000000000002},{"t":1417392000000,"e":0,"b":87.71,"o":12.290000000000006},{"t":1417478400000,"e":0,"b":87.08,"o":12.920000000000002},{"t":1417564800000,"e":0,"b":86.85,"o":13.150000000000006},{"t":1417651200000,"e":0,"b":86.48,"o":13.519999999999996},{"t":1417737600000,"e":0,"b":86.41,"o":13.590000000000003},{"t":1417824000000,"e":0,"b":86.39,"o":13.61},{"t":1417910400000,"e":0,"b":86.02,"o":13.980000000000004},{"t":1417996800000,"e":0,"b":85.79,"o":14.209999999999994},{"t":1418083200000,"e":0,"b":86.22,"o":13.780000000000001},{"t":1418169600000,"e":0,"b":85.37,"o":14.629999999999995},{"t":1418256000000,"e":0,"b":84.75,"o":15.25},{"t":1418342400000,"e":0,"b":84.73,"o":15.269999999999996},{"t":1418428800000,"e":0,"b":84.6,"o":15.400000000000006},{"t":1418515200000,"e":0,"b":84.2,"o":15.799999999999997},{"t":1418601600000,"e":0,"b":84.28,"o":15.719999999999999},{"t":1418688000000,"e":0,"b":83.7,"o":16.299999999999997},{"t":1418774400000,"e":0,"b":79.88,"o":20.120000000000005},{"t":1418860800000,"e":0,"b":78.3,"o":21.700000000000003},{"t":1418947200000,"e":0,"b":76.96,"o":23.040000000000006},{"t":1419033600000,"e":0,"b":79.23,"o":20.769999999999996},{"t":1419120000000,"e":0,"b":78.5,"o":21.5},{"t":1419206400000,"e":0,"b":78.14,"o":21.86},{"t":1419292800000,"e":0,"b":77.45,"o":22.549999999999997},{"t":1419379200000,"e":0,"b":78.83,"o":21.17},{"t":1419465600000,"e":0,"b":78.69,"o":21.310000000000002},{"t":1419552000000,"e":0,"b":78.3,"o":21.700000000000003},{"t":1419638400000,"e":0,"b":78.06,"o":21.939999999999998},{"t":1419724800000,"e":0,"b":78.17,"o":21.83},{"t":1419811200000,"e":0,"b":77.92,"o":22.08},{"t":1419897600000,"e":0,"b":77.49,"o":22.510000000000005},{"t":1419984000000,"e":0,"b":77.47,"o":22.53},{"t":1420070400000,"e":0,"b":78.16,"o":21.840000000000003},{"t":1420156800000,"e":0,"b":78.29,"o":21.709999999999994},{"t":1420243200000,"e":0,"b":78.7,"o":21.299999999999997},{"t":1420329600000,"e":0,"b":79.01,"o":20.989999999999995},{"t":1420416000000,"e":0,"b":79.85,"o":20.150000000000006},{"t":1420502400000,"e":0,"b":79.4,"o":20.599999999999994},{"t":1420588800000,"e":0,"b":79.77,"o":20.230000000000004},{"t":1420675200000,"e":0,"b":80.12,"o":19.879999999999995},{"t":1420761600000,"e":0,"b":79.68,"o":20.319999999999993},{"t":1420848000000,"e":0,"b":78.99,"o":21.010000000000005},{"t":1420934400000,"e":0,"b":80.53,"o":19.47},{"t":1421020800000,"e":0,"b":80.42,"o":19.58},{"t":1421107200000,"e":0,"b":80.51,"o":19.489999999999995},{"t":1421193600000,"e":0,"b":80.07,"o":19.930000000000007},{"t":1421280000000,"e":0,"b":78.27,"o":21.730000000000004},{"t":1421366400000,"e":0,"b":78.63,"o":21.370000000000005},{"t":1421452800000,"e":0,"b":78.49,"o":21.510000000000005},{"t":1421539200000,"e":0,"b":78.75,"o":21.25},{"t":1421625600000,"e":0,"b":79.51,"o":20.489999999999995},{"t":1421712000000,"e":0,"b":79.53,"o":20.47},{"t":1421798400000,"e":0,"b":79.34,"o":20.659999999999997},{"t":1421884800000,"e":0,"b":79.92,"o":20.08},{"t":1421971200000,"e":0,"b":80.02,"o":19.980000000000004},{"t":1422057600000,"e":0,"b":80.18,"o":19.819999999999993},{"t":1422144000000,"e":0,"b":80.73,"o":19.269999999999996},{"t":1422230400000,"e":0,"b":80.84,"o":19.159999999999997},{"t":1422316800000,"e":0,"b":82.37,"o":17.629999999999995},{"t":1422403200000,"e":0,"b":82.09,"o":17.909999999999997},{"t":1422489600000,"e":0,"b":81.3,"o":18.700000000000003},{"t":1422576000000,"e":0,"b":81.51,"o":18.489999999999995},{"t":1422662400000,"e":0,"b":81.36,"o":18.64},{"t":1422748800000,"e":0,"b":80.94,"o":19.060000000000002},{"t":1422835200000,"e":0,"b":81.68,"o":18.319999999999993},{"t":1422921600000,"e":0,"b":82.68,"o":17.319999999999993},{"t":1423008000000,"e":0,"b":82.69,"o":17.310000000000002},{"t":1423094400000,"e":0,"b":82.43,"o":17.569999999999993},{"t":1423180800000,"e":0,"b":81.17,"o":18.83},{"t":1423267200000,"e":0,"b":80.73,"o":19.269999999999996},{"t":1423353600000,"e":0,"b":81.43,"o":18.569999999999993},{"t":1423440000000,"e":0,"b":81.28,"o":18.72},{"t":1423526400000,"e":0,"b":81.39,"o":18.61},{"t":1423612800000,"e":0,"b":81.6,"o":18.400000000000006},{"t":1423699200000,"e":0,"b":81.45,"o":18.549999999999997},{"t":1423785600000,"e":0,"b":81.45,"o":18.549999999999997},{"t":1423872000000,"e":0,"b":81.77,"o":18.230000000000004},{"t":1423958400000,"e":0,"b":82.61,"o":17.39},{"t":1424044800000,"e":0,"b":82.39,"o":17.61},{"t":1424131200000,"e":0,"b":82.39,"o":17.61},{"t":1424217600000,"e":0,"b":82.67,"o":17.33},{"t":1424304000000,"e":0,"b":82.54,"o":17.459999999999994},{"t":1424390400000,"e":0,"b":82.75,"o":17.25},{"t":1424476800000,"e":0,"b":83.11,"o":16.89},{"t":1424563200000,"e":0,"b":83.29,"o":16.709999999999994},{"t":1424649600000,"e":0,"b":83.1,"o":16.900000000000006},{"t":1424736000000,"e":0,"b":82.92,"o":17.08},{"t":1424822400000,"e":0,"b":82.8,"o":17.200000000000003},{"t":1424908800000,"e":0,"b":82.66,"o":17.340000000000003},{"t":1424995200000,"e":0,"b":82.71,"o":17.290000000000006},{"t":1425081600000,"e":0,"b":83.31,"o":16.689999999999998},{"t":1425168000000,"e":0,"b":83.72,"o":16.28},{"t":1425254400000,"e":0,"b":84.43,"o":15.569999999999993},{"t":1425340800000,"e":0,"b":85.01,"o":14.989999999999995},{"t":1425427200000,"e":0,"b":86.66,"o":13.340000000000003},{"t":1425513600000,"e":0,"b":86.48,"o":13.519999999999996},{"t":1425600000000,"e":0,"b":85.71,"o":14.290000000000006},{"t":1425686400000,"e":0,"b":85.98,"o":14.019999999999996},{"t":1425772800000,"e":0,"b":86.33,"o":13.670000000000002},{"t":1425859200000,"e":0,"b":86.75,"o":13.25},{"t":1425945600000,"e":0,"b":86.69,"o":13.310000000000002},{"t":1426032000000,"e":0,"b":87.12,"o":12.879999999999995},{"t":1426118400000,"e":0,"b":87.19,"o":12.810000000000002},{"t":1426204800000,"e":0,"b":87.07,"o":12.930000000000007},{"t":1426291200000,"e":0,"b":86.75,"o":13.25},{"t":1426377600000,"e":0,"b":86.3,"o":13.700000000000003},{"t":1426464000000,"e":0,"b":86.63,"o":13.370000000000005},{"t":1426550400000,"e":0,"b":86.67,"o":13.329999999999998},{"t":1426636800000,"e":0,"b":86.58,"o":13.420000000000002},{"t":1426723200000,"e":0,"b":85.88,"o":14.120000000000005},{"t":1426809600000,"e":0,"b":86.07,"o":13.930000000000007},{"t":1426896000000,"e":0,"b":86.08,"o":13.920000000000002},{"t":1426982400000,"e":0,"b":86.11,"o":13.89},{"t":1427068800000,"e":0,"b":86.34,"o":13.659999999999997},{"t":1427155200000,"e":0,"b":86.26,"o":13.739999999999995},{"t":1427241600000,"e":0,"b":86.09,"o":13.909999999999997},{"t":1427328000000,"e":0,"b":86.4,"o":13.599999999999994},{"t":1427414400000,"e":0,"b":86.75,"o":13.25},{"t":1427500800000,"e":0,"b":86.56,"o":13.439999999999998},{"t":1427587200000,"e":0,"b":86.74,"o":13.260000000000005},{"t":1427673600000,"e":0,"b":86.7,"o":13.299999999999997},{"t":1427760000000,"e":0,"b":87.04,"o":12.959999999999994},{"t":1427846400000,"e":0,"b":87.45,"o":12.549999999999997},{"t":1427932800000,"e":0,"b":87.51,"o":12.489999999999995},